Rootfinding methods for the equation cot(x)=0
using single precision

Newtons method
iteration	root		error
0		2.0000000000	4.292037e-01
1		2.3784012484	8.076049e-01
2		2.8779081894	1.307112e+00
3		3.1295389328	1.558743e+00
4		3.1415914861	1.570795e+00
5		3.1415926536	1.570796e+00
6		3.1415926536	1.570796e+00
7		3.1415926536	1.570796e+00
8		3.1415926536	1.570796e+00
9		3.1415926536	1.570796e+00
10		3.1415926536	1.570796e+00


Bisection Method
iteration	lower bound	upper bound	error
0		1.0000000000	3.0000000000	4.292037e-01
1		1.0000000000	2.0000000000	7.079633e-02
2		1.5000000000	2.0000000000	1.792037e-01
3		1.5000000000	1.7500000000	5.420367e-02
4		1.5000000000	1.6250000000	8.296327e-03
5		1.5625000000	1.6250000000	2.295367e-02
6		1.5625000000	1.5937500000	7.328673e-03
7		1.5625000000	1.5781250000	4.838268e-04
8		1.5703125000	1.5781250000	3.422423e-03
9		1.5703125000	1.5742187500	1.469298e-03
10		1.5703125000	1.5722656250	4.927357e-04
11		1.5703125000	1.5712890625	4.454455e-06
12		1.5703125000	1.5708007812	2.396862e-04
13		1.5705566406	1.5708007812	1.176159e-04
14		1.5706787109	1.5708007812	5.658070e-05
15		1.5707397461	1.5708007812	2.606312e-05
16		1.5707702637	1.5708007812	1.080433e-05
17		1.5707855225	1.5708007812	3.174939e-06
18		1.5707931519	1.5708007812	6.397578e-07
19		1.5707931519	1.5707969666	1.267591e-06
20		1.5707950592	1.5707969666	3.139165e-07
21		1.5707960129	1.5707969666	1.629207e-07
22		1.5707960129	1.5707964897	7.549790e-08
23		1.5707962513	1.5707964897	4.371139e-08
24		1.5707962513	1.5707963705	7.549790e-08
25		1.5707962513	1.5707963705	7.549790e-08
26		1.5707962513	1.5707963705	7.549790e-08
27		1.5707962513	1.5707963705	7.549790e-08
28		1.5707962513	1.5707963705	7.549790e-08
29		1.5707962513	1.5707963705	7.549790e-08
30		1.5707962513	1.5707963705	7.549790e-08


Regula Falsi Method
iteration	lower bound	upper bound	error
0		1.0000000000	3.0000000000	4.292037e-01
1		1.0000000000	2.0000000000	7.079633e-02
2		1.5000000000	2.0000000000	1.792037e-01
3		1.5000000000	1.7500000000	5.420367e-02
4		1.5000000000	1.6250000000	8.296327e-03
5		1.5625000000	1.6250000000	2.295367e-02
6		1.5625000000	1.5937500000	7.328673e-03
7		1.5625000000	1.5781250000	4.838268e-04
8		1.5703125000	1.5781250000	3.422423e-03
9		1.5703125000	1.5742187500	1.469298e-03
10		1.5703125000	1.5722656250	4.927357e-04
11		1.5703125000	1.5712890625	4.454455e-06
12		1.5703125000	1.5708007812	2.396862e-04
13		1.5705566406	1.5708007812	1.176159e-04
14		1.5706787109	1.5708007812	5.658070e-05
15		1.5707397461	1.5708007812	2.606312e-05
16		1.5707702637	1.5708007812	1.080433e-05
17		1.5707855225	1.5708007812	3.174939e-06
18		1.5707931519	1.5708007812	6.397578e-07
19		1.5707931519	1.5707969666	1.267591e-06
20		1.5707950592	1.5707969666	3.139165e-07
21		1.5707960129	1.5707969666	1.629207e-07
22		1.5707960129	1.5707964897	7.549790e-08
23		1.5707962513	1.5707964897	4.371139e-08
24		1.5707962513	1.5707963705	7.549790e-08
25		1.5707962513	1.5707963705	7.549790e-08
26		1.5707962513	1.5707963705	7.549790e-08
27		1.5707962513	1.5707963705	7.549790e-08
28		1.5707962513	1.5707963705	7.549790e-08
29		1.5707962513	1.5707963705	7.549790e-08
30		1.5707962513	1.5707963705	7.549790e-08


Secant method
iteration	root		error
0		2.0000000000	4.292037e-01
1		2.3784012484	8.076049e-01
2		2.8779081894	1.307112e+00
3		3.1295389328	1.558743e+00
4		3.1415914861	1.570795e+00
5		3.1415926536	1.570796e+00
6		3.1415926536	1.570796e+00
7		3.1415926536	1.570796e+00
8		3.1415926536	1.570796e+00
9		3.1415926536	1.570796e+00
10		3.1415926536	1.570796e+00
11		3.1415926536	1.570796e+00
12		3.1415926536	1.570796e+00
13		3.1415926536	1.570796e+00
14		3.1415926536	1.570796e+00
15		3.1415926536	1.570796e+00
16		3.1415926536	1.570796e+00
17		3.1415926536	1.570796e+00
18		3.1415926536	1.570796e+00
19		3.1415926536	1.570796e+00
20		3.1415926536	1.570796e+00
