Rootfinding methods for the equation e^x=0
using double precision

Newtons method
iteration	root		error
0		0.0000000000	0.000000e+00
1		-1.0000000000	1.000000e+00
2		-2.0000000000	2.000000e+00
3		-3.0000000000	3.000000e+00
4		-4.0000000000	4.000000e+00
5		-5.0000000000	5.000000e+00
6		-6.0000000000	6.000000e+00
7		-7.0000000000	7.000000e+00
8		-8.0000000000	8.000000e+00
9		-9.0000000000	9.000000e+00
10		-10.0000000000	1.000000e+01


Bisection Method
iteration	lower bound	upper bound	error
0		-10.0000000000	10.0000000000	0.000000e+00
1		0.0000000000	10.0000000000	5.000000e+00
2		5.0000000000	10.0000000000	7.500000e+00
3		7.5000000000	10.0000000000	8.750000e+00
4		8.7500000000	10.0000000000	9.375000e+00
5		9.3750000000	10.0000000000	9.687500e+00
6		9.6875000000	10.0000000000	9.843750e+00
7		9.8437500000	10.0000000000	9.921875e+00
8		9.9218750000	10.0000000000	9.960938e+00
9		9.9609375000	10.0000000000	9.980469e+00
10		9.9804687500	10.0000000000	9.990234e+00
11		9.9902343750	10.0000000000	9.995117e+00
12		9.9951171875	10.0000000000	9.997559e+00
13		9.9975585938	10.0000000000	9.998779e+00
14		9.9987792969	10.0000000000	9.999390e+00
15		9.9993896484	10.0000000000	9.999695e+00
16		9.9996948242	10.0000000000	9.999847e+00
17		9.9998474121	10.0000000000	9.999924e+00
18		9.9999237061	10.0000000000	9.999962e+00
19		9.9999618530	10.0000000000	9.999981e+00
20		9.9999809265	10.0000000000	9.999990e+00
21		9.9999904633	10.0000000000	9.999995e+00
22		9.9999952316	10.0000000000	9.999998e+00
23		9.9999976158	10.0000000000	9.999999e+00
24		9.9999988079	10.0000000000	9.999999e+00
25		9.9999994040	10.0000000000	1.000000e+01
26		9.9999997020	10.0000000000	1.000000e+01
27		9.9999998510	10.0000000000	1.000000e+01
28		9.9999999255	10.0000000000	1.000000e+01
29		9.9999999627	10.0000000000	1.000000e+01
30		9.9999999814	10.0000000000	1.000000e+01


Regula Falsi Method
iteration	lower bound	upper bound	error
0		-10.0000000000	10.0000000000	0.000000e+00
1		0.0000000000	10.0000000000	5.000000e+00
2		5.0000000000	10.0000000000	7.500000e+00
3		7.5000000000	10.0000000000	8.750000e+00
4		8.7500000000	10.0000000000	9.375000e+00
5		9.3750000000	10.0000000000	9.687500e+00
6		9.6875000000	10.0000000000	9.843750e+00
7		9.8437500000	10.0000000000	9.921875e+00
8		9.9218750000	10.0000000000	9.960938e+00
9		9.9609375000	10.0000000000	9.980469e+00
10		9.9804687500	10.0000000000	9.990234e+00
11		9.9902343750	10.0000000000	9.995117e+00
12		9.9951171875	10.0000000000	9.997559e+00
13		9.9975585938	10.0000000000	9.998779e+00
14		9.9987792969	10.0000000000	9.999390e+00
15		9.9993896484	10.0000000000	9.999695e+00
16		9.9996948242	10.0000000000	9.999847e+00
17		9.9998474121	10.0000000000	9.999924e+00
18		9.9999237061	10.0000000000	9.999962e+00
19		9.9999618530	10.0000000000	9.999981e+00
20		9.9999809265	10.0000000000	9.999990e+00
21		9.9999904633	10.0000000000	9.999995e+00
22		9.9999952316	10.0000000000	9.999998e+00
23		9.9999976158	10.0000000000	9.999999e+00
24		9.9999988079	10.0000000000	9.999999e+00
25		9.9999994040	10.0000000000	1.000000e+01
26		9.9999997020	10.0000000000	1.000000e+01
27		9.9999998510	10.0000000000	1.000000e+01
28		9.9999999255	10.0000000000	1.000000e+01
29		9.9999999627	10.0000000000	1.000000e+01
30		9.9999999814	10.0000000000	1.000000e+01


Secant method
iteration	root		error
0		0.0000000000	0.000000e+00
1		-1.0000000000	1.000000e+00
2		-2.0000000000	2.000000e+00
3		-3.0000000000	3.000000e+00
4		-4.0000000000	4.000000e+00
5		-5.0000000000	5.000000e+00
6		-6.0000000000	6.000000e+00
7		-7.0000000000	7.000000e+00
8		-8.0000000000	8.000000e+00
9		-9.0000000000	9.000000e+00
10		-10.0000000000	1.000000e+01
11		-11.0000000000	1.100000e+01
12		-12.0000000000	1.200000e+01
13		-13.0000000000	1.300000e+01
14		-14.0000000000	1.400000e+01
15		-15.0000000000	1.500000e+01
16		-16.0000000000	1.600000e+01
17		-17.0000000000	1.700000e+01
18		-18.0000000000	1.800000e+01
19		-19.0000000000	1.900000e+01
20		-20.0000000000	2.000000e+01
