Rootfinding methods for the equation sin(x)=0
using double precision

Newtons method
iteration	root		error
0		6.0000000000	2.831853e-01
1		6.2910061914	7.820884e-03
2		6.2831851477	1.594619e-07
3		6.2831853072	0.000000e+00
4		6.2831853072	0.000000e+00
5		6.2831853072	0.000000e+00
6		6.2831853072	0.000000e+00
7		6.2831853072	0.000000e+00
8		6.2831853072	0.000000e+00
9		6.2831853072	0.000000e+00
10		6.2831853072	0.000000e+00


Bisection Method
iteration	lower bound	upper bound	error
0		6.0000000000	7.0000000000	2.168147e-01
1		6.0000000000	6.5000000000	3.318531e-02
2		6.2500000000	6.5000000000	9.181469e-02
3		6.2500000000	6.3750000000	2.931469e-02
4		6.2500000000	6.3125000000	1.935307e-03
5		6.2812500000	6.3125000000	1.368969e-02
6		6.2812500000	6.2968750000	5.877193e-03
7		6.2812500000	6.2890625000	1.970943e-03
8		6.2812500000	6.2851562500	1.781782e-05
9		6.2812500000	6.2832031250	9.587447e-04
10		6.2822265625	6.2832031250	4.704634e-04
11		6.2827148438	6.2832031250	2.263228e-04
12		6.2829589844	6.2832031250	1.042525e-04
13		6.2830810547	6.2832031250	4.321734e-05
14		6.2831420898	6.2832031250	1.269976e-05
15		6.2831726074	6.2832031250	2.559031e-06
16		6.2831726074	6.2831878662	5.070363e-06
17		6.2831802368	6.2831878662	1.255666e-06
18		6.2831840515	6.2831878662	6.516827e-07
19		6.2831840515	6.2831859589	3.019916e-07
20		6.2831850052	6.2831859589	1.748456e-07
21		6.2831850052	6.2831854820	6.357302e-08
22		6.2831852436	6.2831854820	5.563627e-08
23		6.2831852436	6.2831853628	3.968374e-09
24		6.2831853032	6.2831853628	2.583395e-08
25		6.2831853032	6.2831853330	1.093279e-08
26		6.2831853032	6.2831853181	3.482207e-09
27		6.2831853032	6.2831853107	2.430838e-10
28		6.2831853069	6.2831853107	1.619561e-09
29		6.2831853069	6.2831853088	6.882388e-10
30		6.2831853069	6.2831853079	2.225775e-10


Regula Falsi Method
iteration	lower bound	upper bound	error
0		6.0000000000	7.0000000000	2.168147e-01
1		6.0000000000	6.5000000000	3.318531e-02
2		6.2500000000	6.5000000000	9.181469e-02
3		6.2500000000	6.3750000000	2.931469e-02
4		6.2500000000	6.3125000000	1.935307e-03
5		6.2812500000	6.3125000000	1.368969e-02
6		6.2812500000	6.2968750000	5.877193e-03
7		6.2812500000	6.2890625000	1.970943e-03
8		6.2812500000	6.2851562500	1.781782e-05
9		6.2812500000	6.2832031250	9.587447e-04
10		6.2822265625	6.2832031250	4.704634e-04
11		6.2827148438	6.2832031250	2.263228e-04
12		6.2829589844	6.2832031250	1.042525e-04
13		6.2830810547	6.2832031250	4.321734e-05
14		6.2831420898	6.2832031250	1.269976e-05
15		6.2831726074	6.2832031250	2.559031e-06
16		6.2831726074	6.2831878662	5.070363e-06
17		6.2831802368	6.2831878662	1.255666e-06
18		6.2831840515	6.2831878662	6.516827e-07
19		6.2831840515	6.2831859589	3.019916e-07
20		6.2831850052	6.2831859589	1.748456e-07
21		6.2831850052	6.2831854820	6.357302e-08
22		6.2831852436	6.2831854820	5.563627e-08
23		6.2831852436	6.2831853628	3.968374e-09
24		6.2831853032	6.2831853628	2.583395e-08
25		6.2831853032	6.2831853330	1.093279e-08
26		6.2831853032	6.2831853181	3.482207e-09
27		6.2831853032	6.2831853107	2.430838e-10
28		6.2831853069	6.2831853107	1.619561e-09
29		6.2831853069	6.2831853088	6.882388e-10
30		6.2831853069	6.2831853079	2.225775e-10


Secant method
iteration	root		error
0		6.0000000000	2.831853e-01
1		6.2910061914	7.820884e-03
2		6.2831851477	1.594619e-07
3		6.2831853072	0.000000e+00
4		6.2831853072	0.000000e+00
5		6.2831853072	0.000000e+00
6		6.2831853072	0.000000e+00
7		6.2831853072	0.000000e+00
8		6.2831853072	0.000000e+00
9		6.2831853072	0.000000e+00
10		6.2831853072	0.000000e+00
11		6.2831853072	0.000000e+00
12		6.2831853072	0.000000e+00
13		6.2831853072	0.000000e+00
14		6.2831853072	0.000000e+00
15		6.2831853072	0.000000e+00
16		6.2831853072	0.000000e+00
17		6.2831853072	0.000000e+00
18		6.2831853072	0.000000e+00
19		6.2831853072	0.000000e+00
20		6.2831853072	0.000000e+00
