Rootfinding methods for the equation sin^3(x)=0
using double precision

Newtons method
iteration	root		error
0		6.0000000000	2.831853e-01
1		6.0970020638	1.861832e-01
2		6.1597903287	1.233950e-01
3		6.2011320288	8.205328e-02
4		6.2285446700	5.464064e-02
5		6.2467763635	3.640894e-02
6		6.2589180436	2.426726e-02
7		6.2670087197	1.617659e-02
8		6.2724013859	1.078392e-02
9		6.2759961657	7.189141e-03
10		6.2783925875	4.792720e-03


Bisection Method
iteration	lower bound	upper bound	error
0		6.0000000000	7.0000000000	2.168147e-01
1		6.0000000000	6.5000000000	3.318531e-02
2		6.2500000000	6.5000000000	9.181469e-02
3		6.2500000000	6.3750000000	2.931469e-02
4		6.2500000000	6.3125000000	1.935307e-03
5		6.2812500000	6.3125000000	1.368969e-02
6		6.2812500000	6.2968750000	5.877193e-03
7		6.2812500000	6.2890625000	1.970943e-03
8		6.2812500000	6.2851562500	1.781782e-05
9		6.2812500000	6.2832031250	9.587447e-04
10		6.2822265625	6.2832031250	4.704634e-04
11		6.2827148438	6.2832031250	2.263228e-04
12		6.2829589844	6.2832031250	1.042525e-04
13		6.2830810547	6.2832031250	4.321734e-05
14		6.2831420898	6.2832031250	1.269976e-05
15		6.2831726074	6.2832031250	2.559031e-06
16		6.2831726074	6.2831878662	5.070363e-06
17		6.2831802368	6.2831878662	1.255666e-06
18		6.2831840515	6.2831878662	6.516827e-07
19		6.2831840515	6.2831859589	3.019916e-07
20		6.2831850052	6.2831859589	1.748456e-07
21		6.2831850052	6.2831854820	6.357302e-08
22		6.2831852436	6.2831854820	5.563627e-08
23		6.2831852436	6.2831853628	3.968374e-09
24		6.2831853032	6.2831853628	2.583395e-08
25		6.2831853032	6.2831853330	1.093279e-08
26		6.2831853032	6.2831853181	3.482207e-09
27		6.2831853032	6.2831853107	2.430838e-10
28		6.2831853069	6.2831853107	1.619561e-09
29		6.2831853069	6.2831853088	6.882388e-10
30		6.2831853069	6.2831853079	2.225775e-10


Regula Falsi Method
iteration	lower bound	upper bound	error
0		6.0000000000	7.0000000000	2.168147e-01
1		6.0000000000	6.5000000000	3.318531e-02
2		6.2500000000	6.5000000000	9.181469e-02
3		6.2500000000	6.3750000000	2.931469e-02
4		6.2500000000	6.3125000000	1.935307e-03
5		6.2812500000	6.3125000000	1.368969e-02
6		6.2812500000	6.2968750000	5.877193e-03
7		6.2812500000	6.2890625000	1.970943e-03
8		6.2812500000	6.2851562500	1.781782e-05
9		6.2812500000	6.2832031250	9.587447e-04
10		6.2822265625	6.2832031250	4.704634e-04
11		6.2827148438	6.2832031250	2.263228e-04
12		6.2829589844	6.2832031250	1.042525e-04
13		6.2830810547	6.2832031250	4.321734e-05
14		6.2831420898	6.2832031250	1.269976e-05
15		6.2831726074	6.2832031250	2.559031e-06
16		6.2831726074	6.2831878662	5.070363e-06
17		6.2831802368	6.2831878662	1.255666e-06
18		6.2831840515	6.2831878662	6.516827e-07
19		6.2831840515	6.2831859589	3.019916e-07
20		6.2831850052	6.2831859589	1.748456e-07
21		6.2831850052	6.2831854820	6.357302e-08
22		6.2831852436	6.2831854820	5.563627e-08
23		6.2831852436	6.2831853628	3.968374e-09
24		6.2831853032	6.2831853628	2.583395e-08
25		6.2831853032	6.2831853330	1.093279e-08
26		6.2831853032	6.2831853181	3.482207e-09
27		6.2831853032	6.2831853107	2.430838e-10
28		6.2831853069	6.2831853107	1.619561e-09
29		6.2831853069	6.2831853088	6.882388e-10
30		6.2831853069	6.2831853079	2.225775e-10


Secant method
iteration	root		error
0		6.0000000000	2.831853e-01
1		6.0970020638	1.861832e-01
2		6.1597903287	1.233950e-01
3		6.2011320288	8.205328e-02
4		6.2285446700	5.464064e-02
5		6.2467763635	3.640894e-02
6		6.2589180436	2.426726e-02
7		6.2670087197	1.617659e-02
8		6.2724013859	1.078392e-02
9		6.2759961657	7.189141e-03
10		6.2783925875	4.792720e-03
11		6.2799901729	3.195134e-03
12		6.2810552213	2.130086e-03
13		6.2817652510	1.420056e-03
14		6.2822386034	9.467038e-04
15		6.2825541714	6.311358e-04
16		6.2827645500	4.207572e-04
17		6.2829048024	2.805048e-04
18		6.2829983040	1.870032e-04
19		6.2830606384	1.246688e-04
20		6.2831021947	8.311252e-05
