Rootfinding methods for the equation sin^2(x)=0
using double precision

Newtons method
iteration	root		error
0		6.0000000000	2.831853e-01
1		6.1455030957	1.376822e-01
2		6.2147825183	6.840279e-02
3		6.2490373549	3.414795e-02
4		6.2661179707	1.706734e-02
5		6.2746524676	8.532840e-03
6		6.2789189910	4.266316e-03
7		6.2810521620	2.133145e-03
8		6.2821187362	1.066571e-03
9		6.2826520219	5.332853e-04
10		6.2829186646	2.666426e-04


Bisection Method
iteration	lower bound	upper bound	error
0		6.0000000000	7.0000000000	2.168147e-01
1		6.5000000000	7.0000000000	4.668147e-01
2		6.7500000000	7.0000000000	5.918147e-01
3		6.8750000000	7.0000000000	6.543147e-01
4		6.9375000000	7.0000000000	6.855647e-01
5		6.9687500000	7.0000000000	7.011897e-01
6		6.9843750000	7.0000000000	7.090022e-01
7		6.9921875000	7.0000000000	7.129084e-01
8		6.9960937500	7.0000000000	7.148616e-01
9		6.9980468750	7.0000000000	7.158381e-01
10		6.9990234375	7.0000000000	7.163264e-01
11		6.9995117188	7.0000000000	7.165706e-01
12		6.9997558594	7.0000000000	7.166926e-01
13		6.9998779297	7.0000000000	7.167537e-01
14		6.9999389648	7.0000000000	7.167842e-01
15		6.9999694824	7.0000000000	7.167994e-01
16		6.9999847412	7.0000000000	7.168071e-01
17		6.9999923706	7.0000000000	7.168109e-01
18		6.9999961853	7.0000000000	7.168128e-01
19		6.9999980927	7.0000000000	7.168137e-01
20		6.9999990463	7.0000000000	7.168142e-01
21		6.9999995232	7.0000000000	7.168145e-01
22		6.9999997616	7.0000000000	7.168146e-01
23		6.9999998808	7.0000000000	7.168146e-01
24		6.9999999404	7.0000000000	7.168147e-01
25		6.9999999702	7.0000000000	7.168147e-01
26		6.9999999851	7.0000000000	7.168147e-01
27		6.9999999925	7.0000000000	7.168147e-01
28		6.9999999963	7.0000000000	7.168147e-01
29		6.9999999981	7.0000000000	7.168147e-01
30		6.9999999991	7.0000000000	7.168147e-01


Regula Falsi Method
iteration	lower bound	upper bound	error
0		6.0000000000	7.0000000000	2.168147e-01
1		6.5000000000	7.0000000000	4.668147e-01
2		6.7500000000	7.0000000000	5.918147e-01
3		6.8750000000	7.0000000000	6.543147e-01
4		6.9375000000	7.0000000000	6.855647e-01
5		6.9687500000	7.0000000000	7.011897e-01
6		6.9843750000	7.0000000000	7.090022e-01
7		6.9921875000	7.0000000000	7.129084e-01
8		6.9960937500	7.0000000000	7.148616e-01
9		6.9980468750	7.0000000000	7.158381e-01
10		6.9990234375	7.0000000000	7.163264e-01
11		6.9995117188	7.0000000000	7.165706e-01
12		6.9997558594	7.0000000000	7.166926e-01
13		6.9998779297	7.0000000000	7.167537e-01
14		6.9999389648	7.0000000000	7.167842e-01
15		6.9999694824	7.0000000000	7.167994e-01
16		6.9999847412	7.0000000000	7.168071e-01
17		6.9999923706	7.0000000000	7.168109e-01
18		6.9999961853	7.0000000000	7.168128e-01
19		6.9999980927	7.0000000000	7.168137e-01
20		6.9999990463	7.0000000000	7.168142e-01
21		6.9999995232	7.0000000000	7.168145e-01
22		6.9999997616	7.0000000000	7.168146e-01
23		6.9999998808	7.0000000000	7.168146e-01
24		6.9999999404	7.0000000000	7.168147e-01
25		6.9999999702	7.0000000000	7.168147e-01
26		6.9999999851	7.0000000000	7.168147e-01
27		6.9999999925	7.0000000000	7.168147e-01
28		6.9999999963	7.0000000000	7.168147e-01
29		6.9999999981	7.0000000000	7.168147e-01
30		6.9999999991	7.0000000000	7.168147e-01


Secant method
iteration	root		error
0		6.0000000000	2.831853e-01
1		6.1455030957	1.376822e-01
2		6.2147825183	6.840279e-02
3		6.2490373549	3.414795e-02
4		6.2661179707	1.706734e-02
5		6.2746524676	8.532840e-03
6		6.2789189910	4.266316e-03
7		6.2810521620	2.133145e-03
8		6.2821187362	1.066571e-03
9		6.2826520219	5.332853e-04
10		6.2829186646	2.666426e-04
11		6.2830519859	1.333213e-04
12		6.2831186465	6.666065e-05
13		6.2831519769	3.333033e-05
14		6.2831686420	1.666516e-05
15		6.2831769746	8.332581e-06
16		6.2831811409	4.166291e-06
17		6.2831832240	2.083145e-06
18		6.2831842656	1.041573e-06
19		6.2831847864	5.207863e-07
20		6.2831850468	2.603932e-07
