Rootfinding methods for the equation tanh(x)=0
using double precision

Newtons method
iteration	root		error
0		0.1000000000	1.000000e-01
1		-0.0006680013	6.680013e-04
2		0.0000000002	1.987196e-10
3		0.0000000000	0.000000e+00
4		0.0000000000	0.000000e+00
5		0.0000000000	0.000000e+00
6		0.0000000000	0.000000e+00
7		0.0000000000	0.000000e+00
8		0.0000000000	0.000000e+00
9		0.0000000000	0.000000e+00
10		0.0000000000	0.000000e+00


Bisection Method
iteration	lower bound	upper bound	error
0		-1.0000000000	1.2000000000	1.000000e-01
1		-1.0000000000	0.1000000000	4.500000e-01
2		-0.4500000000	0.1000000000	1.750000e-01
3		-0.1750000000	0.1000000000	3.750000e-02
4		-0.0375000000	0.1000000000	3.125000e-02
5		-0.0375000000	0.0312500000	3.125000e-03
6		-0.0031250000	0.0312500000	1.406250e-02
7		-0.0031250000	0.0140625000	5.468750e-03
8		-0.0031250000	0.0054687500	1.171875e-03
9		-0.0031250000	0.0011718750	9.765625e-04
10		-0.0009765625	0.0011718750	9.765625e-05
11		-0.0009765625	0.0000976562	4.394531e-04
12		-0.0004394531	0.0000976562	1.708984e-04
13		-0.0001708984	0.0000976562	3.662109e-05
14		-0.0000366211	0.0000976562	3.051758e-05
15		-0.0000366211	0.0000305176	3.051758e-06
16		-0.0000030518	0.0000305176	1.373291e-05
17		-0.0000030518	0.0000137329	5.340576e-06
18		-0.0000030518	0.0000053406	1.144409e-06
19		-0.0000030518	0.0000011444	9.536743e-07
20		-0.0000009537	0.0000011444	9.536743e-08
21		-0.0000009537	0.0000000954	4.291534e-07
22		-0.0000004292	0.0000000954	1.668930e-07
23		-0.0000001669	0.0000000954	3.576279e-08
24		-0.0000000358	0.0000000954	2.980232e-08
25		-0.0000000358	0.0000000298	2.980232e-09
26		-0.0000000030	0.0000000298	1.341105e-08
27		-0.0000000030	0.0000000134	5.215406e-09
28		-0.0000000030	0.0000000052	1.117587e-09
29		-0.0000000030	0.0000000011	9.313226e-10
30		-0.0000000009	0.0000000011	9.313224e-11


Regula Falsi Method
iteration	lower bound	upper bound	error
0		-1.0000000000	1.2000000000	1.000000e-01
1		-1.0000000000	0.1000000000	4.500000e-01
2		-0.4500000000	0.1000000000	1.750000e-01
3		-0.1750000000	0.1000000000	3.750000e-02
4		-0.0375000000	0.1000000000	3.125000e-02
5		-0.0375000000	0.0312500000	3.125000e-03
6		-0.0031250000	0.0312500000	1.406250e-02
7		-0.0031250000	0.0140625000	5.468750e-03
8		-0.0031250000	0.0054687500	1.171875e-03
9		-0.0031250000	0.0011718750	9.765625e-04
10		-0.0009765625	0.0011718750	9.765625e-05
11		-0.0009765625	0.0000976562	4.394531e-04
12		-0.0004394531	0.0000976562	1.708984e-04
13		-0.0001708984	0.0000976562	3.662109e-05
14		-0.0000366211	0.0000976562	3.051758e-05
15		-0.0000366211	0.0000305176	3.051758e-06
16		-0.0000030518	0.0000305176	1.373291e-05
17		-0.0000030518	0.0000137329	5.340576e-06
18		-0.0000030518	0.0000053406	1.144409e-06
19		-0.0000030518	0.0000011444	9.536743e-07
20		-0.0000009537	0.0000011444	9.536743e-08
21		-0.0000009537	0.0000000954	4.291534e-07
22		-0.0000004292	0.0000000954	1.668930e-07
23		-0.0000001669	0.0000000954	3.576279e-08
24		-0.0000000358	0.0000000954	2.980232e-08
25		-0.0000000358	0.0000000298	2.980232e-09
26		-0.0000000030	0.0000000298	1.341105e-08
27		-0.0000000030	0.0000000134	5.215406e-09
28		-0.0000000030	0.0000000052	1.117587e-09
29		-0.0000000030	0.0000000011	9.313226e-10
30		-0.0000000009	0.0000000011	9.313224e-11


Secant method
iteration	root		error
0		0.1000000000	1.000000e-01
1		-0.0006680013	6.680013e-04
2		0.0000000002	1.987196e-10
3		0.0000000000	0.000000e+00
4		0.0000000000	0.000000e+00
5		0.0000000000	0.000000e+00
6		0.0000000000	0.000000e+00
7		0.0000000000	0.000000e+00
8		0.0000000000	0.000000e+00
9		0.0000000000	0.000000e+00
10		0.0000000000	0.000000e+00
11		0.0000000000	0.000000e+00
12		0.0000000000	0.000000e+00
13		0.0000000000	0.000000e+00
14		0.0000000000	0.000000e+00
15		0.0000000000	0.000000e+00
16		0.0000000000	0.000000e+00
17		0.0000000000	0.000000e+00
18		0.0000000000	0.000000e+00
19		0.0000000000	0.000000e+00
20		0.0000000000	0.000000e+00
