Rootfinding methods for the equation tanh(x)=0
using single precision

Newtons method
iteration	root		error
0		-0.0500000007	5.000000e-02
1		0.0000833743	8.337432e-05
2		-0.0000000000	3.863720e-13
3		0.0000000000	0.000000e+00
4		0.0000000000	0.000000e+00
5		0.0000000000	0.000000e+00
6		0.0000000000	0.000000e+00
7		0.0000000000	0.000000e+00
8		0.0000000000	0.000000e+00
9		0.0000000000	0.000000e+00
10		0.0000000000	0.000000e+00


Bisection Method
iteration	lower bound	upper bound	error
0		-1.1000000238	1.0000000000	5.000001e-02
1		-0.0500000119	1.0000000000	4.750000e-01
2		-0.0500000119	0.4749999940	2.125000e-01
3		-0.0500000119	0.2124999911	8.124999e-02
4		-0.0500000119	0.0812499896	1.562499e-02
5		-0.0500000119	0.0156249888	1.718751e-02
6		-0.0171875115	0.0156249888	7.812614e-04
7		-0.0007812614	0.0156249888	7.421864e-03
8		-0.0007812614	0.0074218637	3.320301e-03
9		-0.0007812614	0.0033203012	1.269520e-03
10		-0.0007812614	0.0012695199	2.441293e-04
11		-0.0007812614	0.0002441293	2.685660e-04
12		-0.0002685660	0.0002441293	1.221838e-05
13		-0.0000122184	0.0002441293	1.159554e-04
14		-0.0000122184	0.0001159554	5.186853e-05
15		-0.0000122184	0.0000518685	1.982507e-05
16		-0.0000122184	0.0000198251	3.803344e-06
17		-0.0000122184	0.0000038033	4.207520e-06
18		-0.0000042075	0.0000038033	2.020881e-07
19		-0.0000002021	0.0000038033	1.800628e-06
20		-0.0000002021	0.0000018006	7.992699e-07
21		-0.0000002021	0.0000007993	2.985909e-07
22		-0.0000002021	0.0000002986	4.825138e-08
23		-0.0000002021	0.0000000483	7.691838e-08
24		-0.0000000769	0.0000000483	1.433350e-08
25		-0.0000000143	0.0000000483	1.695894e-08
26		-0.0000000143	0.0000000170	1.312721e-09
27		-0.0000000143	0.0000000013	6.510388e-09
28		-0.0000000065	0.0000000013	2.598833e-09
29		-0.0000000026	0.0000000013	6.430559e-10
30		-0.0000000006	0.0000000013	3.348328e-10


Regula Falsi Method
iteration	lower bound	upper bound	error
0		-1.1000000238	1.0000000000	5.000001e-02
1		-0.0500000119	1.0000000000	4.750000e-01
2		-0.0500000119	0.4749999940	2.125000e-01
3		-0.0500000119	0.2124999911	8.124999e-02
4		-0.0500000119	0.0812499896	1.562499e-02
5		-0.0500000119	0.0156249888	1.718751e-02
6		-0.0171875115	0.0156249888	7.812614e-04
7		-0.0007812614	0.0156249888	7.421864e-03
8		-0.0007812614	0.0074218637	3.320301e-03
9		-0.0007812614	0.0033203012	1.269520e-03
10		-0.0007812614	0.0012695199	2.441293e-04
11		-0.0007812614	0.0002441293	2.685660e-04
12		-0.0002685660	0.0002441293	1.221838e-05
13		-0.0000122184	0.0002441293	1.159554e-04
14		-0.0000122184	0.0001159554	5.186853e-05
15		-0.0000122184	0.0000518685	1.982507e-05
16		-0.0000122184	0.0000198251	3.803344e-06
17		-0.0000122184	0.0000038033	4.207520e-06
18		-0.0000042075	0.0000038033	2.020881e-07
19		-0.0000002021	0.0000038033	1.800628e-06
20		-0.0000002021	0.0000018006	7.992699e-07
21		-0.0000002021	0.0000007993	2.985909e-07
22		-0.0000002021	0.0000002986	4.825138e-08
23		-0.0000002021	0.0000000483	7.691838e-08
24		-0.0000000769	0.0000000483	1.433350e-08
25		-0.0000000143	0.0000000483	1.695894e-08
26		-0.0000000143	0.0000000170	1.312721e-09
27		-0.0000000143	0.0000000013	6.510388e-09
28		-0.0000000065	0.0000000013	2.598833e-09
29		-0.0000000026	0.0000000013	6.430559e-10
30		-0.0000000006	0.0000000013	3.348328e-10


Secant method
iteration	root		error
0		-0.0500000007	5.000000e-02
1		0.0000833743	8.337432e-05
2		-0.0000000000	3.863720e-13
3		0.0000000000	0.000000e+00
4		0.0000000000	0.000000e+00
5		0.0000000000	0.000000e+00
6		0.0000000000	0.000000e+00
7		0.0000000000	0.000000e+00
8		0.0000000000	0.000000e+00
9		0.0000000000	0.000000e+00
10		0.0000000000	0.000000e+00
11		0.0000000000	0.000000e+00
12		0.0000000000	0.000000e+00
13		0.0000000000	0.000000e+00
14		0.0000000000	0.000000e+00
15		0.0000000000	0.000000e+00
16		0.0000000000	0.000000e+00
17		0.0000000000	0.000000e+00
18		0.0000000000	0.000000e+00
19		0.0000000000	0.000000e+00
20		0.0000000000	0.000000e+00
