Rootfinding methods for the equation tanh(x)_large=0
using double precision

Newtons method
iteration	root		error
0		4.0000000000	4.000000e+00
1		-741.2394128948	7.412394e+02
2		inf	inf
3		nan	nan
4		nan	nan
5		nan	nan
6		nan	nan
7		nan	nan
8		nan	nan
9		nan	nan
10		nan	nan


Bisection Method
iteration	lower bound	upper bound	error
0		-1.0000000000	10.0000000000	4.500000e+00
1		-1.0000000000	4.5000000000	1.750000e+00
2		-1.0000000000	1.7500000000	3.750000e-01
3		-1.0000000000	0.3750000000	3.125000e-01
4		-0.3125000000	0.3750000000	3.125000e-02
5		-0.3125000000	0.0312500000	1.406250e-01
6		-0.1406250000	0.0312500000	5.468750e-02
7		-0.0546875000	0.0312500000	1.171875e-02
8		-0.0117187500	0.0312500000	9.765625e-03
9		-0.0117187500	0.0097656250	9.765625e-04
10		-0.0009765625	0.0097656250	4.394531e-03
11		-0.0009765625	0.0043945312	1.708984e-03
12		-0.0009765625	0.0017089844	3.662109e-04
13		-0.0009765625	0.0003662109	3.051758e-04
14		-0.0003051758	0.0003662109	3.051758e-05
15		-0.0003051758	0.0000305176	1.373291e-04
16		-0.0001373291	0.0000305176	5.340576e-05
17		-0.0000534058	0.0000305176	1.144409e-05
18		-0.0000114441	0.0000305176	9.536743e-06
19		-0.0000114441	0.0000095367	9.536743e-07
20		-0.0000009537	0.0000095367	4.291534e-06
21		-0.0000009537	0.0000042915	1.668930e-06
22		-0.0000009537	0.0000016689	3.576279e-07
23		-0.0000009537	0.0000003576	2.980232e-07
24		-0.0000002980	0.0000003576	2.980232e-08
25		-0.0000002980	0.0000000298	1.341105e-07
26		-0.0000001341	0.0000000298	5.215406e-08
27		-0.0000000522	0.0000000298	1.117587e-08
28		-0.0000000112	0.0000000298	9.313226e-09
29		-0.0000000112	0.0000000093	9.313226e-10
30		-0.0000000009	0.0000000093	4.190952e-09


Regula Falsi Method
iteration	lower bound	upper bound	error
0		-1.0000000000	10.0000000000	4.500000e+00
1		-1.0000000000	4.5000000000	1.750000e+00
2		-1.0000000000	1.7500000000	3.750000e-01
3		-1.0000000000	0.3750000000	3.125000e-01
4		-0.3125000000	0.3750000000	3.125000e-02
5		-0.3125000000	0.0312500000	1.406250e-01
6		-0.1406250000	0.0312500000	5.468750e-02
7		-0.0546875000	0.0312500000	1.171875e-02
8		-0.0117187500	0.0312500000	9.765625e-03
9		-0.0117187500	0.0097656250	9.765625e-04
10		-0.0009765625	0.0097656250	4.394531e-03
11		-0.0009765625	0.0043945312	1.708984e-03
12		-0.0009765625	0.0017089844	3.662109e-04
13		-0.0009765625	0.0003662109	3.051758e-04
14		-0.0003051758	0.0003662109	3.051758e-05
15		-0.0003051758	0.0000305176	1.373291e-04
16		-0.0001373291	0.0000305176	5.340576e-05
17		-0.0000534058	0.0000305176	1.144409e-05
18		-0.0000114441	0.0000305176	9.536743e-06
19		-0.0000114441	0.0000095367	9.536743e-07
20		-0.0000009537	0.0000095367	4.291534e-06
21		-0.0000009537	0.0000042915	1.668930e-06
22		-0.0000009537	0.0000016689	3.576279e-07
23		-0.0000009537	0.0000003576	2.980232e-07
24		-0.0000002980	0.0000003576	2.980232e-08
25		-0.0000002980	0.0000000298	1.341105e-07
26		-0.0000001341	0.0000000298	5.215406e-08
27		-0.0000000522	0.0000000298	1.117587e-08
28		-0.0000000112	0.0000000298	9.313226e-09
29		-0.0000000112	0.0000000093	9.313226e-10
30		-0.0000000009	0.0000000093	4.190952e-09


Secant method
iteration	root		error
0		4.0000000000	4.000000e+00
1		-741.2394128948	7.412394e+02
2		inf	inf
3		nan	nan
4		nan	nan
5		nan	nan
6		nan	nan
7		nan	nan
8		nan	nan
9		nan	nan
10		nan	nan
11		nan	nan
12		nan	nan
13		nan	nan
14		nan	nan
15		nan	nan
16		nan	nan
17		nan	nan
18		nan	nan
19		nan	nan
20		nan	nan
