Rootfinding methods for the equation x^2-2=0
using single precision

Newtons method
iteration	root		error
0		1.0000000000	4.142136e-01
1		1.5000000000	8.578644e-02
2		1.4166666269	2.453065e-03
3		1.4142156839	2.121564e-06
4		1.4142135382	2.420323e-08
5		1.4142135382	2.420323e-08
6		1.4142135382	2.420323e-08
7		1.4142135382	2.420323e-08
8		1.4142135382	2.420323e-08
9		1.4142135382	2.420323e-08
10		1.4142135382	2.420323e-08


Bisection Method
iteration	lower bound	upper bound	error
0		1.0000000000	2.0000000000	8.578644e-02
1		1.0000000000	1.5000000000	1.642136e-01
2		1.2500000000	1.5000000000	3.921356e-02
3		1.3750000000	1.5000000000	2.328644e-02
4		1.3750000000	1.4375000000	7.963562e-03
5		1.4062500000	1.4375000000	7.661438e-03
6		1.4062500000	1.4218750000	1.510624e-04
7		1.4140625000	1.4218750000	3.755188e-03
8		1.4140625000	1.4179687500	1.802063e-03
9		1.4140625000	1.4160156250	8.255001e-04
10		1.4140625000	1.4150390625	3.372189e-04
11		1.4140625000	1.4145507812	9.307825e-05
12		1.4140625000	1.4143066406	2.899206e-05
13		1.4141845703	1.4143066406	3.204310e-05
14		1.4141845703	1.4142456055	1.525518e-06
15		1.4141845703	1.4142150879	1.373327e-05
16		1.4141998291	1.4142150879	6.103877e-06
17		1.4142074585	1.4142150879	2.289180e-06
18		1.4142112732	1.4142150879	3.818311e-07
19		1.4142131805	1.4142150879	5.718432e-07
20		1.4142131805	1.4142141342	9.500606e-08
21		1.4142131805	1.4142136574	1.434125e-07
22		1.4142134190	1.4142136574	2.420323e-08
23		1.4142135382	1.4142136574	9.500606e-08
24		1.4142135382	1.4142136574	9.500606e-08
25		1.4142135382	1.4142136574	9.500606e-08
26		1.4142135382	1.4142136574	9.500606e-08
27		1.4142135382	1.4142136574	9.500606e-08
28		1.4142135382	1.4142136574	9.500606e-08
29		1.4142135382	1.4142136574	9.500606e-08
30		1.4142135382	1.4142136574	9.500606e-08


Regula Falsi Method
iteration	lower bound	upper bound	error
0		1.0000000000	2.0000000000	8.578644e-02
1		1.0000000000	1.5000000000	1.642136e-01
2		1.2500000000	1.5000000000	3.921356e-02
3		1.3750000000	1.5000000000	2.328644e-02
4		1.3750000000	1.4375000000	7.963562e-03
5		1.4062500000	1.4375000000	7.661438e-03
6		1.4062500000	1.4218750000	1.510624e-04
7		1.4140625000	1.4218750000	3.755188e-03
8		1.4140625000	1.4179687500	1.802063e-03
9		1.4140625000	1.4160156250	8.255001e-04
10		1.4140625000	1.4150390625	3.372189e-04
11		1.4140625000	1.4145507812	9.307825e-05
12		1.4140625000	1.4143066406	2.899206e-05
13		1.4141845703	1.4143066406	3.204310e-05
14		1.4141845703	1.4142456055	1.525518e-06
15		1.4141845703	1.4142150879	1.373327e-05
16		1.4141998291	1.4142150879	6.103877e-06
17		1.4142074585	1.4142150879	2.289180e-06
18		1.4142112732	1.4142150879	3.818311e-07
19		1.4142131805	1.4142150879	5.718432e-07
20		1.4142131805	1.4142141342	9.500606e-08
21		1.4142131805	1.4142136574	1.434125e-07
22		1.4142134190	1.4142136574	2.420323e-08
23		1.4142135382	1.4142136574	9.500606e-08
24		1.4142135382	1.4142136574	9.500606e-08
25		1.4142135382	1.4142136574	9.500606e-08
26		1.4142135382	1.4142136574	9.500606e-08
27		1.4142135382	1.4142136574	9.500606e-08
28		1.4142135382	1.4142136574	9.500606e-08
29		1.4142135382	1.4142136574	9.500606e-08
30		1.4142135382	1.4142136574	9.500606e-08


Secant method
iteration	root		error
0		1.0000000000	4.142136e-01
1		1.5000000000	8.578644e-02
2		1.4166666269	2.453065e-03
3		1.4142156839	2.121564e-06
4		1.4142135382	2.420323e-08
5		1.4142135382	2.420323e-08
6		1.4142135382	2.420323e-08
7		1.4142135382	2.420323e-08
8		1.4142135382	2.420323e-08
9		1.4142135382	2.420323e-08
10		1.4142135382	2.420323e-08
11		1.4142135382	2.420323e-08
12		1.4142135382	2.420323e-08
13		1.4142135382	2.420323e-08
14		1.4142135382	2.420323e-08
15		1.4142135382	2.420323e-08
16		1.4142135382	2.420323e-08
17		1.4142135382	2.420323e-08
18		1.4142135382	2.420323e-08
19		1.4142135382	2.420323e-08
20		1.4142135382	2.420323e-08
