Rootfinding methods for the equation x^2-2_large=0
using double precision

Newtons method
iteration	root		error
0		350.0000000000	3.485858e+02
1		175.0028571429	1.735886e+02
2		87.5071427638	8.609293e+01
3		43.7649990205	4.235079e+01
4		21.9053488196	2.049114e+01
5		10.9983253605	9.584112e+00
6		5.5900856133	4.175872e+00
7		2.9739309435	1.559717e+00
8		1.8232207577	4.090072e-01
9		1.4600903124	4.587675e-02
10		1.4149342973	7.207349e-04


Bisection Method
iteration	lower bound	upper bound	error
0		0.0000000000	700.0000000000	3.485858e+02
1		0.0000000000	350.0000000000	1.735858e+02
2		0.0000000000	175.0000000000	8.608579e+01
3		0.0000000000	87.5000000000	4.233579e+01
4		0.0000000000	43.7500000000	2.046079e+01
5		0.0000000000	21.8750000000	9.523286e+00
6		0.0000000000	10.9375000000	4.054536e+00
7		0.0000000000	5.4687500000	1.320161e+00
8		0.0000000000	2.7343750000	4.702606e-02
9		1.3671875000	2.7343750000	6.365677e-01
10		1.3671875000	2.0507812500	2.947708e-01
11		1.3671875000	1.7089843750	1.238724e-01
12		1.3671875000	1.5380859375	3.842316e-02
13		1.3671875000	1.4526367188	4.301453e-03
14		1.4099121094	1.4526367188	1.706085e-02
15		1.4099121094	1.4312744141	6.379699e-03
16		1.4099121094	1.4205932617	1.039123e-03
17		1.4099121094	1.4152526855	1.631165e-03
18		1.4125823975	1.4152526855	2.960209e-04
19		1.4139175415	1.4152526855	3.715512e-04
20		1.4139175415	1.4145851135	3.776514e-05
21		1.4139175415	1.4142513275	1.291279e-04
22		1.4140844345	1.4142513275	4.568136e-05
23		1.4141678810	1.4142513275	3.958110e-06
24		1.4142096043	1.4142513275	1.690352e-05
25		1.4142096043	1.4142304659	6.472703e-06
26		1.4142096043	1.4142200351	1.257297e-06
27		1.4142096043	1.4142148197	1.350407e-06
28		1.4142122120	1.4142148197	4.655498e-08
29		1.4142135158	1.4142148197	6.053708e-07
30		1.4142135158	1.4142141677	2.794079e-07


Regula Falsi Method
iteration	lower bound	upper bound	error
0		0.0000000000	700.0000000000	3.485858e+02
1		0.0000000000	350.0000000000	1.735858e+02
2		0.0000000000	175.0000000000	8.608579e+01
3		0.0000000000	87.5000000000	4.233579e+01
4		0.0000000000	43.7500000000	2.046079e+01
5		0.0000000000	21.8750000000	9.523286e+00
6		0.0000000000	10.9375000000	4.054536e+00
7		0.0000000000	5.4687500000	1.320161e+00
8		0.0000000000	2.7343750000	4.702606e-02
9		1.3671875000	2.7343750000	6.365677e-01
10		1.3671875000	2.0507812500	2.947708e-01
11		1.3671875000	1.7089843750	1.238724e-01
12		1.3671875000	1.5380859375	3.842316e-02
13		1.3671875000	1.4526367188	4.301453e-03
14		1.4099121094	1.4526367188	1.706085e-02
15		1.4099121094	1.4312744141	6.379699e-03
16		1.4099121094	1.4205932617	1.039123e-03
17		1.4099121094	1.4152526855	1.631165e-03
18		1.4125823975	1.4152526855	2.960209e-04
19		1.4139175415	1.4152526855	3.715512e-04
20		1.4139175415	1.4145851135	3.776514e-05
21		1.4139175415	1.4142513275	1.291279e-04
22		1.4140844345	1.4142513275	4.568136e-05
23		1.4141678810	1.4142513275	3.958110e-06
24		1.4142096043	1.4142513275	1.690352e-05
25		1.4142096043	1.4142304659	6.472703e-06
26		1.4142096043	1.4142200351	1.257297e-06
27		1.4142096043	1.4142148197	1.350407e-06
28		1.4142122120	1.4142148197	4.655498e-08
29		1.4142135158	1.4142148197	6.053708e-07
30		1.4142135158	1.4142141677	2.794079e-07


Secant method
iteration	root		error
0		350.0000000000	3.485858e+02
1		175.0028571429	1.735886e+02
2		87.5071427638	8.609293e+01
3		43.7649990205	4.235079e+01
4		21.9053488196	2.049114e+01
5		10.9983253605	9.584112e+00
6		5.5900856133	4.175872e+00
7		2.9739309435	1.559717e+00
8		1.8232207577	4.090072e-01
9		1.4600903124	4.587675e-02
10		1.4149342973	7.207349e-04
11		1.4142137459	1.835629e-07
12		1.4142135624	1.176836e-14
13		1.4142135624	2.220446e-16
14		1.4142135624	0.000000e+00
15		1.4142135624	2.220446e-16
16		1.4142135624	0.000000e+00
17		1.4142135624	2.220446e-16
18		1.4142135624	0.000000e+00
19		1.4142135624	2.220446e-16
20		1.4142135624	0.000000e+00
