Rootfinding methods for the equation x^2-2=0
Newtons method
iteration	root		error
0		1.0000000000	4.142136e-01
1		1.5000000000	8.578644e-02
2		1.4166666667	2.453104e-03
3		1.4142156863	2.123901e-06
4		1.4142135624	1.594724e-12
5		1.4142135624	0.000000e+00


Bisection Method
iteration	lower bound	upper bound	error
0		1.0000000000	2.0000000000	8.578644e-02
1		1.0000000000	1.5000000000	1.642136e-01
2		1.2500000000	1.5000000000	3.921356e-02
3		1.3750000000	1.5000000000	2.328644e-02
4		1.3750000000	1.4375000000	7.963562e-03
5		1.4062500000	1.4375000000	7.661438e-03
6		1.4062500000	1.4218750000	1.510624e-04
7		1.4140625000	1.4218750000	3.755188e-03
8		1.4140625000	1.4179687500	1.802063e-03
9		1.4140625000	1.4160156250	8.255001e-04
10		1.4140625000	1.4150390625	3.372189e-04
11		1.4140625000	1.4145507812	9.307825e-05
12		1.4140625000	1.4143066406	2.899206e-05
13		1.4141845703	1.4143066406	3.204310e-05
14		1.4141845703	1.4142456055	1.525518e-06
15		1.4141845703	1.4142150879	1.373327e-05
16		1.4141998291	1.4142150879	6.103877e-06
17		1.4142074585	1.4142150879	2.289180e-06
18		1.4142112732	1.4142150879	3.818311e-07
19		1.4142131805	1.4142150879	5.718432e-07
20		1.4142131805	1.4142141342	9.500606e-08
21		1.4142131805	1.4142136574	1.434125e-07
22		1.4142134190	1.4142136574	2.420323e-08
23		1.4142135382	1.4142136574	3.540141e-08
24		1.4142135382	1.4142135978	5.599088e-09
25		1.4142135382	1.4142135680	9.302073e-09
26		1.4142135531	1.4142135680	1.851493e-09
27		1.4142135605	1.4142135680	1.873798e-09
28		1.4142135605	1.4142135642	1.115263e-11
29		1.4142135605	1.4142135624	9.201699e-10
30		1.4142135615	1.4142135624	4.545087e-10
31		1.4142135619	1.4142135624	2.216780e-10
32		1.4142135622	1.4142135624	1.052627e-10
33		1.4142135623	1.4142135624	4.705503e-11
34		1.4142135623	1.4142135624	1.795120e-11


Regula Falsi Method
iteration	lower bound	upper bound	error
0		1.0000000000	2.0000000000	8.578644e-02
1		1.0000000000	1.5000000000	1.642136e-01
2		1.2500000000	1.5000000000	3.921356e-02
3		1.3750000000	1.5000000000	2.328644e-02
4		1.3750000000	1.4375000000	7.963562e-03
5		1.4062500000	1.4375000000	7.661438e-03
6		1.4062500000	1.4218750000	1.510624e-04
7		1.4140625000	1.4218750000	3.755188e-03
8		1.4140625000	1.4179687500	1.802063e-03
9		1.4140625000	1.4160156250	8.255001e-04
10		1.4140625000	1.4150390625	3.372189e-04
11		1.4140625000	1.4145507812	9.307825e-05
12		1.4140625000	1.4143066406	2.899206e-05
13		1.4141845703	1.4143066406	3.204310e-05
14		1.4141845703	1.4142456055	1.525518e-06
15		1.4141845703	1.4142150879	1.373327e-05
16		1.4141998291	1.4142150879	6.103877e-06
17		1.4142074585	1.4142150879	2.289180e-06
18		1.4142112732	1.4142150879	3.818311e-07
19		1.4142131805	1.4142150879	5.718432e-07
20		1.4142131805	1.4142141342	9.500606e-08
21		1.4142131805	1.4142136574	1.434125e-07
22		1.4142134190	1.4142136574	2.420323e-08
23		1.4142135382	1.4142136574	3.540141e-08
24		1.4142135382	1.4142135978	5.599088e-09
25		1.4142135382	1.4142135680	9.302073e-09
26		1.4142135531	1.4142135680	1.851493e-09
27		1.4142135605	1.4142135680	1.873798e-09
28		1.4142135605	1.4142135642	1.115263e-11
29		1.4142135605	1.4142135624	9.201699e-10
30		1.4142135615	1.4142135624	4.545087e-10
31		1.4142135619	1.4142135624	2.216780e-10
32		1.4142135622	1.4142135624	1.052627e-10
33		1.4142135623	1.4142135624	4.705503e-11
34		1.4142135623	1.4142135624	1.795120e-11


Secant method
iteration	root		error
0		1.0000000000	4.142136e-01
1		1.5000000000	8.578644e-02
2		1.4166666667	2.453104e-03
3		1.4142156863	2.123901e-06
4		1.4142135624	1.594724e-12
5		1.4142135624	0.000000e+00
